1 0.698438 0.129688 0.340625 0.253125
1 0.854688 0.309375 0.287500 0.290625
1 0.516406 0.357812 0.332813 0.271875
1 0.447656 0.166406 0.189062 0.214062
1 0.289844 0.203125 0.126562 0.178125
1 0.624219 0.495312 0.298438 0.131250
1 0.358594 0.496875 0.239063 0.125000
1 0.247656 0.430469 0.198437 0.257812
1 0.106250 0.465625 0.156250 0.131250
1 0.138281 0.522656 0.145313 0.092188
1 0.116406 0.318750 0.151562 0.118750
1 0.046875 0.385156 0.090625 0.129688
1 0.182031 0.217188 0.123438 0.109375
1 0.339844 0.077344 0.110937 0.092188
1 0.253906 0.125781 0.110937 0.092188
1 0.132812 0.155469 0.112500 0.076563
1 0.070312 0.254688 0.128125 0.125000
