1 0.641406 0.445312 0.126562 0.156250
1 0.548438 0.483594 0.134375 0.198437
1 0.742188 0.458594 0.103125 0.126562
1 0.839063 0.465625 0.071875 0.115625
1 0.819531 0.585156 0.079687 0.079687
1 0.751563 0.588281 0.046875 0.073438
1 0.788281 0.632812 0.079687 0.056250
1 0.718750 0.623437 0.056250 0.078125
1 0.874219 0.252344 0.192188 0.182812
1 0.634375 0.247656 0.106250 0.132812
1 0.429688 0.165625 0.087500 0.090625
1 0.301563 0.178125 0.065625 0.065625
1 0.260156 0.141406 0.054688 0.057813
1 0.344531 0.035156 0.092188 0.067187
1 0.268750 0.030469 0.075000 0.057813
1 0.750781 0.091406 0.145313 0.135937
1 0.822656 0.042188 0.107813 0.081250
