2 0.345313 0.475001 0.140625 0.134375
2 0.508594 0.631251 0.173437 0.171875
2 0.346094 0.767969 0.192188 0.167187
2 0.221094 0.859375 0.189062 0.175000
2 0.103125 0.492969 0.181251 0.145313
2 0.108594 0.310156 0.145313 0.151562
2 0.204687 0.217188 0.134375 0.168750
2 0.534375 0.343751 0.150001 0.146875
2 0.508594 0.478906 0.173437 0.142187
2 0.621094 0.767969 0.204687 0.185938
2 0.378906 0.925781 0.167187 0.142187
2 0.219531 0.694531 0.164062 0.132812
2 0.260937 0.568751 0.165625 0.143750
2 0.232813 0.421875 0.121875 0.121875
2 0.072656 0.185938 0.129688 0.143750
2 0.415625 0.278906 0.140625 0.129688
2 0.312501 0.249219 0.103125 0.129688
2 0.402344 0.182031 0.120313 0.104688
2 0.525781 0.232031 0.157812 0.120313
2 0.500781 0.121875 0.145313 0.134375
2 0.399219 0.069531 0.176563 0.126562
2 0.273438 0.084375 0.137501 0.131250
2 0.631251 0.564063 0.156251 0.181250
2 0.633594 0.222656 0.154688 0.223438
2 0.128125 0.629687 0.112501 0.109375
2 0.357812 0.634375 0.134375 0.140625
