2 0.257031 0.809375 0.120313 0.128125
2 0.342969 0.754687 0.129688 0.093750
2 0.317188 0.660156 0.118751 0.114062
2 0.450001 0.630469 0.146875 0.126562
2 0.457813 0.846875 0.090625 0.084375
2 0.476562 0.910937 0.128125 0.075000
2 0.571875 0.948438 0.087501 0.078125
2 0.139844 0.946094 0.079687 0.067187
2 0.081251 0.887501 0.081251 0.065625
2 0.070312 0.963281 0.078125 0.067187
2 0.455469 0.515625 0.120313 0.121875
2 0.386719 0.453906 0.089063 0.114062
2 0.412501 0.357031 0.112501 0.107813
2 0.484375 0.264062 0.115625 0.128125
2 0.405469 0.210938 0.107813 0.115625
2 0.210156 0.147656 0.135937 0.114062
2 0.202344 0.046094 0.117188 0.089063
2 0.580469 0.078906 0.117188 0.126562
2 0.499219 0.058594 0.129688 0.085938
2 0.628906 0.428125 0.070312 0.078125
