3 0.169531 0.068750 0.082812 0.059375
3 0.050781 0.242188 0.064062 0.062500
3 0.694531 0.158594 0.082812 0.092188
3 0.441406 0.253906 0.045312 0.110937
3 0.053125 0.524219 0.087500 0.101562
3 0.129688 0.539844 0.068750 0.070312
3 0.182031 0.551562 0.067187 0.075000
3 0.273438 0.518750 0.093750 0.125000
3 0.378906 0.416406 0.104688 0.139063
3 0.475000 0.423438 0.068750 0.096875
3 0.521875 0.354687 0.090625 0.084375
3 0.570312 0.403125 0.081250 0.109375
3 0.664844 0.468750 0.089063 0.100000
3 0.717969 0.634375 0.114062 0.134375
3 0.802344 0.625000 0.085938 0.109375
3 0.775000 0.535156 0.037500 0.048438
3 0.916406 0.509375 0.057813 0.068750
3 0.857031 0.522656 0.054688 0.076563
3 0.901563 0.445312 0.071875 0.068750
3 0.943750 0.404687 0.053125 0.081250
3 0.958594 0.364844 0.032813 0.039062
3 0.751563 0.366406 0.068750 0.089063
3 0.046094 0.339844 0.017188 0.010937
3 0.050000 0.408594 0.018750 0.020313
3 0.198437 0.415625 0.025000 0.031250
