4 0.445312 0.177344 0.109375 0.132812
4 0.291406 0.492188 0.107813 0.128125
4 0.402344 0.491406 0.114062 0.129688
4 0.211719 0.155469 0.085938 0.117188
4 0.557031 0.162500 0.120313 0.131250
4 0.510938 0.284375 0.118750 0.125000
4 0.448437 0.364063 0.106250 0.125000
4 0.235937 0.377344 0.084375 0.098437
4 0.362500 0.595313 0.121875 0.131250
4 0.464844 0.553906 0.095312 0.120313
4 0.555469 0.553125 0.092188 0.103125
4 0.529687 0.480469 0.109375 0.104688
4 0.599219 0.439844 0.085938 0.107813
4 0.602344 0.242969 0.092188 0.114062
4 0.022656 0.404687 0.042188 0.081250
